0
1
2
3
4
5
6
7
8
14
15
16
17
18
19
20
21
22
23
24
25
26
27
28
29
30
32
34
35
36
37
42
43
44
45
46
47
48
49
50
51
52
57
58
59
60
61
62
66
67
68
72
73
78
79
80
81
82
83
84
94
95
96
97
98
99
100
101
111
112
113
119
120
121
122
124
125
126
127
128
132
133
134
135
136
137
142
143
144
146
147
153
154
155
156
158
159
160
161
162
163
164
165
166
167
168
170
171
173
174
175
176
177
179
180
181
182
183
184
185
186
187
188
189
200
202
203
204
206
209
210
212
213
217
220
221
222
223
227
228
229
230
234
235
236
239
240
241
242
247
248
249
250
252
253
254
255
258
259
260
261
262
264
268
272
273
289
290
291
292
293
295
296
297
299
303
304
305
